image: /home/ubuntu/map/floor2.pgm
resolution: 0.025000
origin: [-5.012499, -5.012499, 0.000000]
negate: 0
occupied_thresh: 0.65
free_thresh: 0.196

